X = [24.0798,23.996696,23.778261,23.75,23.747866,23.655447,23.74678,23.796288,23.59888,23.55738,23.50915,23.957222,23.720654,23.942686,24.011187,24.42755,24.332222,24.391502,24.360046,24.04776,23.897505,24.172235,24.332018,24.474596,24.570087,24.504267,24.593273,24.660938,24.665867,24.722158,24.814236,24.740585,24.581991,24.695335,24.520615,24.719275,24.672897,24.746534,24.695862,24.58248,24.8866,24.847206,24.553724,24.42598,24.470016,24.204357,24.365248,24.244154,24.126942,24.369816,24.60839,25.089521,25.295382,25.652222,25.713095,26.178371,26.733791,27.3932,27.87409,28.460089,29.242203,30.225586,30.961752,31.436247,31.97365,32.729874,33.290466,34.310795,35.02105,36.00797,37.957756,39.06647,40.11904,41.493618,42.319073,43.514057,44.30791,45.22351,46.171597,46.732918,47.81719,48.77451,49.81875,50.54877,51.408413,52.249554,53.33841,54.394638,55.36368,55.935703,56.82041,57.546032,58.348267,59.209846,60.133255,61.07714,61.69727,62.369797,63.144142,63.76408,64.344635,64.92977,65.6157,66.223816,66.81863,67.38683,68.01671,68.58077,69.21551,69.75049,70.331894,70.87069,71.42646,71.89539,72.44551,72.873344,73.2459,73.49339,73.73631,73.973335,74.11633,74.07644,73.97623,73.88737,73.79164,73.15424,72.82973,72.143295,71.56159,71.12112,70.73675,70.90672,71.165405,71.23667,71.21458,71.13719,71.05544,70.96026,70.84946,70.70109,70.54235,70.424,70.34182,70.20182,70.05433,69.91434,69.83886,69.77874,69.70427,69.59125,69.53515,69.43421,69.34459,69.27411,69.22439,69.14942,69.072716,68.940346,68.86903,68.781525,68.71642,68.65181,68.602936,68.43001,68.27662,68.06772,67.90354,67.7118,67.50481,67.287704,67.06635,66.73759,66.463684,66.07597,65.76616,65.385475,64.641945,63.612343,60.40067,59.16785,57.56179,55.525753,53.38987,50.70176,48.213882,45.69724,42.762894,39.56197,36.31882,33.416557,30.377186,26.96353,23.702496,20.04739,16.29099,12.555372,8.760542,4.893375,0.95903957,-2.814203,-6.500384,-10.149206,-14.019133,-18.160534,-22.109598,-25.989748,-29.78465,-33.464127,-36.964317,-40.617954,-44.207813,-47.826332,-51.369587,-54.80913,-58.282536,-61.86188,-65.27745,-68.82908,-72.25315,-75.713234,-78.5713,-81.183754,-84.31433,-87.45607,-90.71448,-93.70127,-96.07947,-98.79691,-101.11655,-104.73823,-108.24567,-111.9414,-114.622665,-117.72466,-120.25375,-122.40971,-124.74331,-126.10455,-127.06712,-127.18777,-127.44725,-127.58708,-128.01137,-128.35703,-128.8415,-129.17157,-129.31633,-129.53085,-129.49507,-129.52861,-129.44891,-129.41179,-129.5855,-129.59828,-129.61975,-129.63414,-129.7889,-129.72313,-129.6845,-129.64058,-129.5721,-129.39313,-128.9191,-128.13011,-127.501625,-127.09013,-126.67095,-126.247086,-125.7002,-125.319176,-124.89365,-124.417305,-124.10724,-123.53301,-122.92949,-121.60061,-120.68779,-119.92016,-118.82555,-117.84972,-116.63614,-115.90396,-114.88947,-113.94556,-113.033356,-112.37536,-111.584404,-110.57534,-110.01982,-109.011,-108.29965,-107.32976,-106.15352,-105.0106,-103.88278,-102.39151,-100.935196,-100.13948,-98.07807,-95.905014,-93.68427,-91.793434,-90.76178,-85.36215,-83.08061,-81.46818,-79.7088,-77.81082,-75.95878,-74.10326,-72.41194,-70.98713,-69.695244,-69.11503,-68.77206,-68.16505,-67.22771,-65.35719,-61.13484,-57.362522,-55.07943,-53.233494,-51.555206,-50.801983,-49.883667,-49.566353,-49.76574,-49.82917,-50.053673,-50.113518,-50.282223,-50.45431,-50.760876,-50.952507,-50.874645,-50.70305,-50.94229,-50.723892,-50.602768,-50.561165,-50.57299,-50.889862,-50.897526,-50.952717,-51.03499,-51.58385,-51.82169,-51.787834,-52.0647,-52.10696,-52.323277,-52.346928,-51.9972,-51.81395,-51.879097,-52.170128,-52.56748,-53.320362,-53.472725,-54.558563,-55.040867,-56.097885,-56.598232,-56.570923,-56.58708,-56.432674,-56.191185,-56.017776,-55.99278,-55.991325,-55.738388,-55.539974,-55.113197,-54.555916,-53.836494,-53.113495,-52.334183,-51.841343,-51.4582,-51.088913,-50.03316,-49.1528,-47.54178,-45.45657,-43.90734,-42.868958,-41.066067,-39.40992,-37.69272,-36.184017,-33.449146,-30.558722,-28.42787,-26.714104,-24.407074,-22.488024,-20.241459,-17.273573,-13.913289,-10.979661,-7.3733144,-3.6317255,1.5143217,4.7159615,7.9943995,10.792015,14.11182,17.548868,20.794073,24.154514,27.217813,30.595863,34.24141,37.13726,39.626133,42.783665,44.81059,47.43215,49.95768,51.993168,54.4778,57.404274,59.051834,61.38189,64.487785,67.3504,68.840645,70.87987,73.31915,74.23411,74.825195,74.81882,75.39998,75.540085,76.60067,76.46802,76.19943,75.903076,75.49124,75.11092,74.787895,74.839745,73.74086,73.0131,72.13369,70.72305,69.61903,69.0123,68.66035,67.813614,66.918816,66.084366,65.532,65.30518,64.34242,64.079895,63.64935,62.22235,61.71962,61.033108,60.773693,59.98005,59.739086,59.527657,59.363377,59.18559,59.328125,58.974464,59.045822,59.057365,59.000298,58.979137,58.94596,58.869736,58.505104,58.312622,58.279457,57.87975,57.602615,57.395733,57.016083,56.76968,56.444138,56.09566,55.919178,55.394253,55.041294,54.743557,54.56732,54.43293,54.495853,54.846592,55.019135,55.386555,55.687893,56.490932,57.41604,58.144,59.0813,60.004265,61.033783,62.16201,63.025303,63.888866,64.72204,65.59439,66.35613,67.01682,67.70605,68.40775,69.01511,69.59295,70.06944,70.51587,71.0592,71.56411,72.04151,72.20878,72.15366,71.83964,70.7582,69.60362,68.48159,67.42209,66.49219,65.403564,64.43712,63.594597,62.826405,62.1499,61.91948,61.738087,61.459896,61.14309,60.866875,60.64467,60.256966,59.808056,58.926292,58.079468,57.212326,56.24798,55.16254,54.084663,52.864525,51.541775,50.081577,48.608368,46.905396,45.01789,42.931053,40.733482,38.241188,30.005373,26.273125,22.53378,18.565445,14.515774,10.27735,5.8590016,1.3260133,-3.4236038,-8.425922,-13.761012,-19.216429,-24.842875,-30.59823,-36.445877,-42.425716,-48.494846,-54.705025,-61.21068,-67.43094,-72.767876,-78.566895,-84.77971,-90.737946,-96.60958,-102.06868,-107.38656,-112.41794,-116.0318,-120.14416,-123.68762,-127.1413,-129.84013,-131.24051,-131.83777,-134.17061,-136.76123,-138.23637,-139.5013,-140.09433,-140.44179,-140.57837,-140.31448,-139.75244,-139.34279,-139.2397,-139.37367,-138.14458,-137.84831,-137.30267,-136.7841,-135.65926,-134.52048,-133.4163,-131.98305,-130.76099,-129.45108,-128.33409,-127.13621,-126.13753,-125.25906,-124.13971,-122.88473,-121.638916,-120.331055,-119.24098,-117.60399,-115.90541,-114.51625,-112.707855,-110.939514,-109.23004,-107.45215,-105.93509,-104.3169,-102.714645,-101.388565,-100.00332,-98.39915,-96.4349,-94.55435,-92.2521,-90.387436,-88.0355,-85.395744,-82.83733,-80.152985,-77.74132,-75.336266,-73.20037,-70.97097,-69.62171,-67.45707,-66.02547,-64.97579,-63.139523,-61.39162,-59.23929,-58.025925,-57.051357,-56.058475,-54.8418,-52.567204,-51.087936,-49.820896,-47.199913,-45.350647,-44.580154,-44.30619,-44.230183,-43.924854,-43.95975,-44.035187,-44.48711,-44.13423,-43.86178,-43.961292,-44.16257,-44.806572,-45.398674,-45.83244,-46.375275,-46.630947,-46.705612,-47.225525,-48.206135,-48.733818,-48.74737,-48.835712,-49.14197,-49.928596,-50.5441,-51.541885,-51.971672,-52.23714,-52.35571,-52.377098,-52.255356,-51.774506,-51.314465,-50.05443,-49.215714,-48.097496,-47.01799,-46.09016,-44.408176,-42.96877,-40.615128,-38.556313,-35.404613,-32.810333,-28.755533,-25.809021,-22.70101,-18.803934,-15.364123,-11.042235,-7.1175985,-3.3005977,0.43514806,4.683271,8.688261,12.633269,16.076712,19.759087,24.235773,28.082958,31.001741,33.413895,35.699463,38.63519,41.17239,43.076073,44.170177,46.07342,48.372982,52.37441,54.9942,56.760277,58.61506,59.744473,61.38579,62.384174,62.924507,64.27591,65.09995,65.616554,66.17337,65.72378,65.8602,65.6432,65.541214,65.18925,64.526245,64.16012,63.721123,63.007534,62.499638,61.42339,59.965088,59.01845,58.050438,57.628593,56.69709,56.003,55.548416,53.641727,53.304737,52.82951,51.96649,51.30994,51.274967,51.26587,50.865013,50.640144,50.63881,50.68349,50.669704,50.840923,50.87874,50.933838,50.960983,50.982517,51.401863,51.182644,51.208454,51.236706,51.101933,51.120083,50.89142,50.50239,50.581562,50.734035,51.566128,51.9694,52.10433,52.83499,53.21574,53.462112,53.627888,54.014297,54.374355,55.04586,55.635242,56.138092,56.925373,